case | unob | unob@1280 | drops | layer ms | timeline px | map text min | solid black | smoke | conf | case ms
first-run | 0.6344 | 0.5207 | 5 | 0.7 | 90.5 | 8.64 | 0.00000 | 0.000 | - | 27120
opening-1 | 0.6321 | 0.5170 | 8 | 0.6 | 90.5 | 8.50 | 0.00000 | 0.000 | 0.035 | 123576
opening-2 | 0.6398 | 0.5291 | 7 | 0.6 | 90.5 | 7.48 | 0.00000 | 0.026 | 0.044 | 212501
opening-3 | 0.6398 | 0.5291 | 3 | 0.5 | 90.5 | 8.48 | 0.00000 | 0.039 | 0.035 | 188425
opening-4 | 0.6398 | 0.5291 | 4 | 1.2 | 90.5 | 8.27 | 0.00000 | 0.041 | 0.064 | 208330
opening-end | 0.7036 | 0.6288 | 7 | 0.6 | 90.5 | 8.28 | 0.00000 | 0.000 | 0.028 | 208017
overview-field | 0.7036 | 0.6288 | 6 | 0.9 | 90.5 | 8.32 | 0.00000 | 0.085 | 0.042 | 143145
overview-plan | 0.8978 | 0.8722 | 4 | 0.3 | 92.0 | 8.03 | 0.00000 | 0.014 | 0.037 | 113607
close-sokolnitz | 0.8978 | 0.8722 | 4 | 0.7 | 92.0 | 7.68 | 0.00000 | 0.240 | 0.087 | 139937
staff-paper | 0.7036 | 0.6288 | 3 | 0.9 | 90.5 | 4.89 | 0.00000 | - | 0.073 | 73637
pratzen-low | 0.8978 | 0.8722 | 4 | 0.8 | 92.0 | 8.26 | 0.00020 | 0.240 | 0.090 | 125616
pratzen-orbit-min | 0.8978 | 0.8722 | 1 | 0.5 | 92.0 | 12.58 | 0.00015 | 0.240 | 0.017 | 203593
selected-formation | 0.7036 | 0.6288 | 4 | 0.8 | 90.5 | 7.57 | 0.00000 | 0.041 | 0.148 | 111388
watch-selected | 0.8804 | 0.8451 | 4 | 0.6 | 92.0 | 7.59 | 0.00010 | 0.022 | 0.149 | 106484
hybrid-dimmed | 0.8827 | 0.8486 | 7 | 1.0 | 92.0 | 6.49 | 0.00005 | 0.024 | 0.145 | 109378
pratzen-low-1x | 0.8978 | 0.8722 | 4 | 0.8 | 92.0 | 8.49 | 0.00000 | 0.240 | 0.192 | 91626
pratzen-low-10x | 0.8978 | 0.8722 | 3 | 0.8 | 92.0 | 7.94 | 0.00000 | 0.240 | 0.056 | 115831
paper-north-up | 0.7036 | 0.6288 | 12 | 1.0 | 90.5 | 5.38 | 0.00000 | - | 0.009 | 69064
paper-close | 0.7036 | 0.6288 | 1 | 0.8 | 90.5 | 5.10 | 0.00000 | - | 0.151 | 46976
paper-drawer | 0.7036 | 0.6288 | 1 | 0.9 | 90.5 | 5.04 | 0.00000 | - | 0.080 | 45967
paper-laptop | 0.6288 | 0.6288 | 12 | 1.4 | 90.5 | 5.38 | 0.00000 | - | 0.019 | 41575
narrow-1024 | 0.5364 | 0.6288 | 5 | 1.4 | 90.5 | 8.08 | 0.00000 | 0.155 | 0.091 | 75075
ph8-overview-study | 0.7036 | 0.6288 | 3 | 0.9 | 90.5 | 8.17 | 0.00000 | 0.007 | 0.033 | 93396
ph8-overview-watch | 0.8978 | 0.8722 | 3 | 1.0 | 92.0 | 8.17 | 0.00000 | 0.008 | 0.036 | 99070
eye-zuran | 0.8978 | 0.8722 | 5 | 1.7 | 92.0 | 7.57 | 0.00000 | 0.051 | 0.060 | 41490
eye-zuran-1x | 0.8978 | 0.8722 | 6 | 0.8 | 92.0 | 11.36 | 0.00000 | 0.051 | 0.000 | 32931
plans-overview | 0.7036 | 0.6288 | 11 | 1.4 | 90.5 | 8.46 | 0.00000 | 0.000 | 0.024 | 98823
opening-1-laptop | 0.5170 | 0.5170 | 10 | 0.9 | 90.5 | 8.50 | 0.00000 | 0.000 | 0.046 | 71968
narrow-390 | 0.4603 | 0.5207 | 6 | 0.7 | 174.0 | 7.98 | 0.00000 | 0.000 | - | 8961
first-run-laptop | 0.5580 | 0.5207 | 5 | 0.5 | 90.5 | 8.65 | 0.00000 | 0.000 | - | 21312
self-test checks: 212 failed: 0 ms: 503356
harness failures: ["narrow-390: unobstructed map 46.0%, below the baseline 46.8%"]
